Preorder Traversal:
Mon Nov  3 00:02:05 2025
Thu Oct 30 18:46:46 2025
Thu Oct 30 08:11:50 2025
Thu Oct 30 11:37:52 2025
Fri Oct 31 23:00:19 2025
Fri Oct 31 04:57:33 2025
Wed Nov  5 20:05:44 2025
Mon Nov  3 17:06:25 2025
Mon Nov 10 07:58:16 2025
Thu Nov  6 15:43:21 2025


Inorder (Sorted by timestamp):
Thu Oct 30 08:11:50 2025
Thu Oct 30 11:37:52 2025
Thu Oct 30 18:46:46 2025
Fri Oct 31 04:57:33 2025
Fri Oct 31 23:00:19 2025
Mon Nov  3 00:02:05 2025
Mon Nov  3 17:06:25 2025
Wed Nov  5 20:05:44 2025
Thu Nov  6 15:43:21 2025
Mon Nov 10 07:58:16 2025


Postorder Traversal:
Thu Oct 30 11:37:52 2025
Thu Oct 30 08:11:50 2025
Fri Oct 31 04:57:33 2025
Fri Oct 31 23:00:19 2025
Thu Oct 30 18:46:46 2025
Mon Nov  3 17:06:25 2025
Thu Nov  6 15:43:21 2025
Mon Nov 10 07:58:16 2025
Wed Nov  5 20:05:44 2025
Mon Nov  3 00:02:05 2025

